29 29
10111111111111111011111110111
10000000100000001000100010001
11111111111111101110111010101
00000010001010100000100000101
11101110111010101111101111111
00101000001000101000000000001
11111110111110101010111111111
10001010000000101010000000101
11101010111010101111101010101
00000010101010000000101010100
11101111101111111010101110111
10100010101000101010100010001
10101010101011101110101110111
10101000001000001010101000001
10111111101010111010111010111
10000010000010000010100010001
10101011101111111011101111111
10101010100010100010001000000
10111110111110101111101111111
00100000100000101000001000100
10101110101111111111101010111
10001000100000001010001010001
10101111101110101011111011101
10101000000010100010100000101
10111110111110111110111010101
10101010100010000000000010101
10101011101011101110101011111
10100010001000100010101000101
11101111101111111110111111101